4294967294,0
4294967279,295
4294967278,296
4294967279,18
4294967279,16
4294967278,295
4294967279,294
4294967278,294
4294967278,293
4294967279,293
4294967278,292
4294967279,15
4294967279,12
4294967279,11
4294967278,291
4294967279,292
4294967278,290
4294967279,291
4294967279,260
4294967279,0
4294967278,289
4294967278,260
4294967278,0
4294967294,42
4294967294,41
4294967294,956
4294967294,92
4294967294,88
4294967294,520
4294967294,61
4294967294,30
4294967294,97
4294967294,80
4294967294,52
4294967294,50
4294967294,426
4294967294,388
4294967294,387
4294967294,51
4294967294,7
4294967294,6
4294967279,135
4294967294,83
4294967294,962
4294967294,908
4294967294,422
4294967294,170
4294967294,162
4294967294,22
4294967294,17
4294967294,99
4294967294,76
4294967294,43
4294967294,417
4294967294,451
4294967294,535
4294967294,26
4294967294,1355
4243767290,0
4243767290,3
4243767290,2
4294967294,401
0,5
4294967294,427
4294967294,20
4294967294,13
4294967294,184
4294967294,180
4294967294,470
4294967294,467
4294967294,164
4294967294,126
4294967294,18
4294967294,119
4294967294,173
4294967294,190
4294967294,971
4294967294,967
4294967294,966
4294967294,964
4294967294,961
4294967294,922
4294967294,921
4294967294,918
4294967294,916
4294967294,914
4294967294,913
4294967294,905
4294967294,185
4294967294,182
4294967294,176
4294967294,11
4294967278,132
4294967278,131
4294967278,130
4294967278,129
4294967278,128
4294967278,127
4294967278,126
4294967278,125
4294967278,124
4294967278,123
4294967278,122
4294967278,121
4294967278,120
4294967278,119
4294967278,118
4294967278,117
4294967278,116
4294967278,115
4294967278,114
4294967278,113
4294967278,112
4294967278,111
4294967278,110
4294967278,109
4294967278,108
4294967278,107
4294967278,106
4294967278,105
4294967278,104
4294967278,103
4294967278,102
4294967278,101
4294967278,100
4294967278,99
4294967278,98
4294967278,97
4294967278,96
4294967278,95
4294967278,94
4294967278,93
4294967278,92
4294967278,91
4294967278,90
4294967278,89
4294967278,87
4294967278,86
4294967278,85
4294967278,84
4294967278,83
4294967278,82
4294967278,81
4294967278,80
4294967278,79
4294967278,78
4294967278,77
4294967278,76
4294967278,75
4294967278,74
4294967278,73
4294967278,72
4294967278,71
4294967278,70
4294967278,69
4294967278,68
4294967278,67
4294967278,66
4294967278,65
4294967278,64
4294967278,63
4294967278,62
4294967278,61
4294967278,60
4294967278,59
4294967278,58
4294967278,57
4294967278,56
4294967278,55
4294967278,54
4294967278,53
4294967278,52
4294967278,51
4294967278,50
4294967278,49
4294967278,48
4294967278,47
4294967278,46
4294967278,45
4294967278,44
4294967278,43
4294967278,42
4294967278,41
4294967278,40
4294967278,39
4294967278,38
4294967278,37
4294967279,134
4294967279,22
4294967279,290
4294967279,20
4294967279,17
4294967279,14
4294967279,13
4294967279,10
4294967279,9
4294967279,8
4294967279,7
4294967279,6
4294967279,5
4294967279,4
4294967294,429
4294967294,14
4294967294,175
4294967294,468
4294967294,469
4294967294,169
4294967294,189
4294967294,160
4294967294,25
4294967294,179
4294967294,466
4294967294,925
4294967294,27
4294967294,68
4294967294,968
4294967294,965
4294967294,963
4294967294,960
4294967294,923
4294967294,920
4294967294,919
4294967294,915
4294967294,912
4294967294,909
4294967294,906
4294967294,438
4294967294,81
4294967294,163
4294967294,161
4294967294,82
4294967294,127
4294967294,12
4294967294,67
4294967278,288
4294967278,287
4,4
4,3
4,2
4,1
4294967294,430
4294967294,1356
4294967294,187
4294967278,286
3,4
3,3
3,2
3,1
4294967278,285
2,4
2,3
2,2
2,1
4294967279,283
4294967294,471
4294967278,277
4294967293,131
4294967293,130
4294967293,129
4294967293,128
4294967293,127
4294967293,126
4294967293,125
4294967293,124
4294967293,123
4294967293,122
4294967293,121
4294967293,120
4294967293,119
4294967293,118
4294967293,117
4294967293,116
